vfoto_mes <- c(
201901, 201902, 201903, 201904, 201905, 201906,
201907, 201908, 201909, 201910, 201911, 201912,
202001, 202002, 202003, 202004, 202005, 202006,
202007, 202008, 202009, 202010, 202011, 202012,
202101, 202102, 202103, 202104, 202105, 202106,
202107, 202108, 202109
)
vIPC <- c(
1.9903030878, 1.9174403544, 1.8296186587,
1.7728862972, 1.7212488323, 1.6776304408,
1.6431248196, 1.5814483345, 1.4947526791,
1.4484037589, 1.3913580777, 1.3404220402,
1.3154288912, 1.2921698342, 1.2472681797,
1.2300475145, 1.2118694724, 1.1881073259,
1.1693969743, 1.1375456949, 1.1065619600,
1.0681100000, 1.0370000000, 1.0000000000,
0.9680542110, 0.9344152616, 0.8882274350,
0.8532444140, 0.8251880213, 0.8003763543,
0.7763107219, 0.7566381305, 0.7289384687
)
tb_IPC <- data.table(
paste0(PARAM$dataset_metadata$periodo) := vfoto_mes,
"IPC" = vIPC
)
require("data.table")
require("yaml")
tb_IPC <- data.table(
paste0(PARAM$dataset_metadata$periodo) := vfoto_mes,
"IPC" = vIPC
)
drift_deflacion <- function(campos_monetarios) {
vfoto_mes <- c(
201901, 201902, 201903, 201904, 201905, 201906,
201907, 201908, 201909, 201910, 201911, 201912,
202001, 202002, 202003, 202004, 202005, 202006,
202007, 202008, 202009, 202010, 202011, 202012,
202101, 202102, 202103, 202104, 202105, 202106,
202107, 202108, 202109
)
vIPC <- c(
1.9903030878, 1.9174403544, 1.8296186587,
1.7728862972, 1.7212488323, 1.6776304408,
1.6431248196, 1.5814483345, 1.4947526791,
1.4484037589, 1.3913580777, 1.3404220402,
1.3154288912, 1.2921698342, 1.2472681797,
1.2300475145, 1.2118694724, 1.1881073259,
1.1693969743, 1.1375456949, 1.1065619600,
1.0681100000, 1.0370000000, 1.0000000000,
0.9680542110, 0.9344152616, 0.8882274350,
0.8532444140, 0.8251880213, 0.8003763543,
0.7763107219, 0.7566381305, 0.7289384687
)
tb_IPC <- data.table(
"periodo" = vfoto_mes,
"IPC" = vIPC
)
drift_deflacion <- function(campos_monetarios) {
vfoto_mes <- c(
201901, 201902, 201903, 201904, 201905, 201906,
201907, 201908, 201909, 201910, 201911, 201912,
202001, 202002, 202003, 202004, 202005, 202006,
202007, 202008, 202009, 202010, 202011, 202012,
202101, 202102, 202103, 202104, 202105, 202106,
202107, 202108, 202109
)
vIPC <- c(
1.9903030878, 1.9174403544, 1.8296186587,
1.7728862972, 1.7212488323, 1.6776304408,
1.6431248196, 1.5814483345, 1.4947526791,
1.4484037589, 1.3913580777, 1.3404220402,
1.3154288912, 1.2921698342, 1.2472681797,
1.2300475145, 1.2118694724, 1.1881073259,
1.1693969743, 1.1375456949, 1.1065619600,
1.0681100000, 1.0370000000, 1.0000000000,
0.9680542110, 0.9344152616, 0.8882274350,
0.8532444140, 0.8251880213, 0.8003763543,
0.7763107219, 0.7566381305, 0.7289384687
)
tb_IPC <- data.table(
"periodo" = vfoto_mes,
"IPC" = vIPC
)
tb_IPC <- data.table(
"periodo" = vfoto_mes,
"IPC" = vIPC
)
drift_deflacion <- function(campos_monetarios) {
vfoto_mes <- c(
201901, 201902, 201903, 201904, 201905, 201906,
201907, 201908, 201909, 201910, 201911, 201912,
202001, 202002, 202003, 202004, 202005, 202006,
202007, 202008, 202009, 202010, 202011, 202012,
202101, 202102, 202103, 202104, 202105, 202106,
202107, 202108, 202109
)
vIPC <- c(
1.9903030878, 1.9174403544, 1.8296186587,
1.7728862972, 1.7212488323, 1.6776304408,
1.6431248196, 1.5814483345, 1.4947526791,
1.4484037589, 1.3913580777, 1.3404220402,
1.3154288912, 1.2921698342, 1.2472681797,
1.2300475145, 1.2118694724, 1.1881073259,
1.1693969743, 1.1375456949, 1.1065619600,
1.0681100000, 1.0370000000, 1.0000000000,
0.9680542110, 0.9344152616, 0.8882274350,
0.8532444140, 0.8251880213, 0.8003763543,
0.7763107219, 0.7566381305, 0.7289384687
)
tb_IPC <- data.table(
"periodo" = vfoto_mes,
"IPC" = vIPC
)
require("data.table")
require("yaml")
vfoto_mes <- c(
201901, 201902, 201903, 201904, 201905, 201906,
201907, 201908, 201909, 201910, 201911, 201912,
202001, 202002, 202003, 202004, 202005, 202006,
202007, 202008, 202009, 202010, 202011, 202012,
202101, 202102, 202103, 202104, 202105, 202106,
202107, 202108, 202109
)
vIPC <- c(
1.9903030878, 1.9174403544, 1.8296186587,
1.7728862972, 1.7212488323, 1.6776304408,
1.6431248196, 1.5814483345, 1.4947526791,
1.4484037589, 1.3913580777, 1.3404220402,
1.3154288912, 1.2921698342, 1.2472681797,
1.2300475145, 1.2118694724, 1.1881073259,
1.1693969743, 1.1375456949, 1.1065619600,
1.0681100000, 1.0370000000, 1.0000000000,
0.9680542110, 0.9344152616, 0.8882274350,
0.8532444140, 0.8251880213, 0.8003763543,
0.7763107219, 0.7566381305, 0.7289384687
)
tb_IPC <- data.table(
"periodo" = vfoto_mes,
"IPC" = vIPC
)
vfoto_mes <- c(
201901, 201902, 201903, 201904, 201905, 201906,
201907, 201908, 201909, 201910, 201911, 201912,
202001, 202002, 202003, 202004, 202005, 202006,
202007, 202008, 202009, 202010, 202011, 202012,
202101, 202102, 202103, 202104, 202105, 202106,
202107, 202108, 202109
)
vIPC <- c(
1.9903030878, 1.9174403544, 1.8296186587,
1.7728862972, 1.7212488323, 1.6776304408,
1.6431248196, 1.5814483345, 1.4947526791,
1.4484037589, 1.3913580777, 1.3404220402,
1.3154288912, 1.2921698342, 1.2472681797,
1.2300475145, 1.2118694724, 1.1881073259,
1.1693969743, 1.1375456949, 1.1065619600,
1.0681100000, 1.0370000000, 1.0000000000,
0.9680542110, 0.9344152616, 0.8882274350,
0.8532444140, 0.8251880213, 0.8003763543,
0.7763107219, 0.7566381305, 0.7289384687
)
tb_IPC <- data.table(
"periodo" = vfoto_mes,
"IPC" = vIPC
)
vfoto_mes <- c(
201901, 201902, 201903, 201904, 201905, 201906,
201907, 201908, 201909, 201910, 201911, 201912,
202001, 202002, 202003, 202004, 202005, 202006,
202007, 202008, 202009, 202010, 202011, 202012,
202101, 202102, 202103, 202104, 202105, 202106,
202107, 202108, 202109
)
vIPC <- c(
1.9903030878, 1.9174403544, 1.8296186587,
1.7728862972, 1.7212488323, 1.6776304408,
1.6431248196, 1.5814483345, 1.4947526791,
1.4484037589, 1.3913580777, 1.3404220402,
1.3154288912, 1.2921698342, 1.2472681797,
1.2300475145, 1.2118694724, 1.1881073259,
1.1693969743, 1.1375456949, 1.1065619600,
1.0681100000, 1.0370000000, 1.0000000000,
0.9680542110, 0.9344152616, 0.8882274350,
0.8532444140, 0.8251880213, 0.8003763543,
0.7763107219, 0.7566381305, 0.7289384687
)
tb_IPC <- data.table(
"periodo" = vfoto_mes,
"IPC" = vIPC
)
vfoto_mes <- c(
201901, 201902, 201903, 201904, 201905, 201906,
201907, 201908, 201909, 201910, 201911, 201912,
202001, 202002, 202003, 202004, 202005, 202006,
202007, 202008, 202009, 202010, 202011, 202012,
202101, 202102, 202103, 202104, 202105, 202106,
202107, 202108, 202109
)
vIPC <- c(
1.9903030878, 1.9174403544, 1.8296186587,
1.7728862972, 1.7212488323, 1.6776304408,
1.6431248196, 1.5814483345, 1.4947526791,
1.4484037589, 1.3913580777, 1.3404220402,
1.3154288912, 1.2921698342, 1.2472681797,
1.2300475145, 1.2118694724, 1.1881073259,
1.1693969743, 1.1375456949, 1.1065619600,
1.0681100000, 1.0370000000, 1.0000000000,
0.9680542110, 0.9344152616, 0.8882274350,
0.8532444140, 0.8251880213, 0.8003763543,
0.7763107219, 0.7566381305, 0.7289384687
)
tb_IPC <- data.table(
"periodo" = vfoto_mes,
"IPC" = vIPC
)
vfoto_mes <- c(
201901, 201902, 201903, 201904, 201905, 201906,
201907, 201908, 201909, 201910, 201911, 201912,
202001, 202002, 202003, 202004, 202005, 202006,
202007, 202008, 202009, 202010, 202011, 202012,
202101, 202102, 202103, 202104, 202105, 202106,
202107, 202108, 202109
)
vIPC <- c(
1.9903030878, 1.9174403544, 1.8296186587,
1.7728862972, 1.7212488323, 1.6776304408,
1.6431248196, 1.5814483345, 1.4947526791,
1.4484037589, 1.3913580777, 1.3404220402,
1.3154288912, 1.2921698342, 1.2472681797,
1.2300475145, 1.2118694724, 1.1881073259,
1.1693969743, 1.1375456949, 1.1065619600,
1.0681100000, 1.0370000000, 1.0000000000,
0.9680542110, 0.9344152616, 0.8882274350,
0.8532444140, 0.8251880213, 0.8003763543,
0.7763107219, 0.7566381305, 0.7289384687
)
tb_IPC <- data.table(
"periodo" = vfoto_mes,
"IPC" = vIPC
)
